759
510
2382
1142
2969
338
4625
1935
3957
2915
2634
3006
1991
3312
2750
3487
2122
4106
4078
1195
3197
1897
2226
859
48
4843
1454
2092
683
2616
543
3695
206
4983
3918
2270
2359
900
682
1381
2303
1177
2385
2431
3171
4342
4295
4111
4763
45
4561
3873
3118
289
2306
3863
3284
1523
1095
3127
3884
2534
1253
1341
2373
3940
2800
2009
4394
481
1129
1223
3424
2697
3892
2020
4513
4795
2688
706
549
2344
2329
638
3055
1671
577
4918
2677
56
3986
836
4805
2556
2497
4770
4925
1044
59
4232
1543
2286
4717
4283
3916
3339
449
422
1397
286
4350
3489
3835
390
2578
1541
205
615
3287
703
3363
2883
4332
4338
1495
294
1418
869
200
4123
2096
3469
4737
3457
4163
3263
2627
3047
1722
4717
1222
156
3521
2392
707
498
2001
4416
4978
957
4566
4311
2758
4356
869
3661
2955
380
2789
3623
1921
4581
222
2275
3190
881
3753
379
1227
4316
3915
2158
3893
3570
4481
3207
4362
1940
3632
998
3293
2003
891
4243
4557
2785
712
381
2588
503
308
2247
259
3100
2796
1642
4934
1246
4202
4826
1745
1623
3189
663
2043
2408
418
4188
4876
2663
4299
1016
1749
1792
331
4918
3691
979
2718
406
170
3372
2791
724
4008
1668
1900
794
774
2840
3273
3117
2738
3807
4253
1671
3815
228
2201
2150
2368
1524
506
4926
1205
4293
499
3467
2770
2879
2952
3956
3528
3797
4656
3373
3832
2465
1656
375
508
4624
3414
2037
4390
1183
3279
2943
2539
3660
1104
3463
3779
569
3039
3647
2867
2866
4520
4715
1169
3433
3025
2896
4889
4318
4589
3941
4151
880
2840
1350
3572
1826
1642
2744
3110
3470
537
22
1015
2557
929
4110
1775
4489
177
2960
759
1010
507
966
2945
1941
4207
2075
1600
519
2148
72
1595
4338
3792
1659
821
4754
4891
1953
3927
295
537
4398
2330
4499
3701
3613
2505
3916
1122
400
4141
1630
3182
3141
374
1874
3406
1631
2620
4568
1144
2592
1322
465
3428
1677
3765
4270
3289
2022
4598
3225
4033
464
473
1109
3637
3447
3241
594
4570
2684
4397
1749
931
4965
1156
651
1286
3948
1349
3260
4333
4360
4151
2946
3077
1865
1071
2025
4848
3236
627
4101
802
917
2597
2719
2669
4265
3238
4959
3391
2026
4998
3461
3195
4573
4534
3463
521
3114
2984
4342
673
1338
3893
4674
1314
2528
3033
1772
2376
1216
747
1335
2058
297
948
15
2369
3438
2983
2021
710
1390
4870
2307
4362
691
4751
3504
2331
2608
1504
1734
252
1286
3428
4464
2025
2923
1405
141
1233
1466
2584
2176
1280
3664
1403
2899
3626
4520
1095
2084
131
964
3632
4284
1469
1586
313
623
2777
4529
4441
4768
4713
4014
1083
772
1870
1484
2991
4446
2033
2843
788
4245
3806
2694
1027
698
4288
1853
4879
2812
1514
4421
1603
4289
2654
4144
2995
439
2611
783
2364
1704
2026
2816
2463
2267
2581
632
1029
2142
1530
1650
51
2289
176
4388
478
3775
560
4615
1335
925
4651
1630
3255
293
2411
1795
3119
2727
3490
2553
1835
1250
479
4085
2219
991
232
3761
3118
3657
824
2738
1282
4865
4370
4315
4113
3266
3666
4220
4880
2996
4448
1440
2054
396
4562
2171
4856
787
2513
3303
3653
3978
4815
3801
1810
1092
2169
4488
3544
1799
1498
2679
101
1914
348
3390
924
3097
2682
4853
4061
4270
2674
3839
1803
4040
2031
1824
1429
3061
3905
2331
1144
2522
4085
2305
51
569
2505
3022
1098
4178
676
3081
1499
1770
1339
141
49
1173
1248
1760
3105
2661
4242
4383
1305
976
1999
2771
4062
346
3060
484
2894
4167
1535
2580
2829
3043
3340
355
593
4661
3756
4883
3594
4593
2341
33
2701
1890
1775
257
1814
2146
4227
3484
3280
4703
1001
4076
3570
4734
3961
752
1119
193
188
2332
236
3760
2313
2006
2833
893
1168
3444
3905
4359
789
1712
3635
1967
70
2172
3571
2804
3671
749
4940
3051
4300
3127
2043
4265
1785
859
701
3004
3765
3402
4406
9
4797
3942
4577
4770
2424
921
978
783
4579
3921
3914
4290
441
1604
4665
1789
2181
3315
1523
4439
2392
2186
4460
4187
4964
3569
4109
309
2744
901
595
2388
2307
3627
2170
1128
2595
3802
380
2751
4771
4158
3472
380
4213
2754
3825
182
1195
3912
824
450
1880
4967
2617
2612
4483
391
4807
3856
1812
670
3040
3679
3327
1527
1983
1814
4434
3537
4195
3380
2936
3772
4668
3235
3714
4081
4975
2211
4745
3927
4115
3833
78
145
508
2340
1010
4559
1646
2205
3995
1524
939
4102
1119
4794
2053
2686
771
2011
748
2659
4718
2444
2515
3108
300
4382
3898
403
417
2597
4112
2886
1555
4207
3601
3183
1019
4644
805
4876
1892
1990
4385
1412
2834
567
2117
3921
2028
2289
1440
2734
3180
1456
4116
2635
2630
2401
2041
1629
661
1243
1788
1399
2413
3054
2547
1912
1193
3871
1668
1127
1207
873
768
2728
3059
1103
274
4733
2266
4978
3376
3129
1157
1378
4707
100
92
966
553
3619
2604
4177
4215
649
202
2986
4000
4781
3020
205
2728
3158
621
313
1528
2307
689
1389
4576
1528
2127
2308
4363
684
2868
3660
243
1036
3348
2448
1821
228
3318
3049
3524
2031
1658
119
2526
73
2104
494
1714
2061
2250
218
2508
844
4850
2400
4411
3704
1390
4026
1493
296
4814
3532
2782
1543
2744
2964
1434
573
3385
2501
4840
2573
1790
4498
650
571
3863
4504
4424
1633
595
2303
3434
2650
1153
4400
1186
948
3038
3118
3838
4293
1557
3228
2217
3127
2338
984
2330
4140
4061
1142
3676
4749
379
4936
4055
352
1751
3841
4841
1887
4602
4860
4702
2512
98
132
390
3345
1779
486
